%YAML:1.0
---
data: !!opencv-matrix
   rows: 256
   cols: 1
   dt: f
   data: [ 0.00229120837, -0.00363852782, -0.0193255227, -0.0206876919,
       0.0044784951, -0.0223168451, 0.0050337119, -0.00529622938,
       -0.0115483189, -0.00300404429, -0.00512098242, 0.0108287521,
       -0.0546019934, -0.019111773, -0.00310995197, -0.0184976533,
       0.0278264564, -0.0646495149, -0.00214803941, -0.00126954762,
       -0.0369175971, -0.0415199474, -0.0275384933, -0.0260807704,
       0.00613743858, -0.0418472178, 0.00360256596, -0.00645953137,
       -0.0292885993, 0.0143255927, -0.015810905, -0.0250978321,
       -0.00815049745, -0.00275773788, 0.0151026854, -0.0635555387,
       -0.0331093781, 0.00452521257, -0.0059230295, 0.00919309165,
       0.0233681034, 0.00603188947, -0.0338404849, -0.01672519,
       0.0247621909, -0.00949176867, -0.0049571041, -0.0430643559,
       -0.00331523269, 0.0334632657, -0.0348341167, 0.0196904708,
       0.0172278807, 0.00746008055, -0.0387175307, -0.00524573866,
       -0.0265137851, -0.0296600424, -0.0190036297, 0.0215576012,
       0.0273944084, 0.00597257912, 0.0390432328, 0.039086815,
       -0.0174028147, 0.01154075, 0.0302816723, -0.0369354039,
       0.0160165075, -0.0169434659, 0.00098693464, 0.00678056804,
       -0.0122555178, 0.000497481786, -0.00128759141, 0.001806163,
       0.00750887301, 0.00802707672, -0.0244095102, -0.00321485824,
       -0.0138732586, -0.0225077644, 0.00684947101, -0.054937765,
       -0.0354803763, 0.00650180085, -0.00924667437, -0.0151260281,
       0.0202693436, -0.0033227189, 0.00244639535, 0.00422635395,
       0.000281576824, -0.00289603206, -0.039238371, -0.0425766148,
       -0.00754981814, 0.0153494319, -0.0260906946, 0.00448002806,
       -0.0497642532, -0.0317900553, 0.0127909249, -0.00985414069,
       -0.00624209875, 0.00280480576, -0.0217306279, -0.0440908521,
       -0.0240222849, -0.00739340624, 0.0278053209, -0.0551604442,
       0.0284139663, 0.0148811247, -0.0170528777, 0.000708028791,
       0.0105393324, -0.033092577, 0.00195371266, 0.016553456,
       -0.0280361902, -0.0173054002, -0.0213789102, -0.0110407444,
       -0.0289230198, 0.00363163324, -0.04156138, -0.0047067944,
       -0.03948652, -0.00600889651, -0.0138247581, -0.0126727,
       0.00803543068, -0.0112956753, -0.0302720871, -0.0120152635,
       -0.0205118973, 0.0295898318, -0.0552257039, 0.0166690852,
       0.00196247385, -0.00158186303, -0.0038312173, 0.0216232222,
       -0.0560383387, -0.0203928221, 0.0232276656, -0.0326998085,
       -0.00841102656, 0.00318211224, -0.0308856089, -0.0241140183,
       -0.0148795657, 0.0439077094, -0.045456171, -0.0276431628,
       -0.0444927886, -0.0364274494, -0.0524995923, 0.0146482941,
       -0.00993127283, -0.0171355121, -0.00292290864, 0.00652764132,
       -0.00898757949, 0.0380042084, -0.0129251694, -0.0144188562,
       0.00273806858, -0.00318212458, 0.0144087803, 0.0144062545,
       -0.0362938233, -0.0155793689, -0.026744226, -0.0148922643,
       -0.0170271862, -0.00474430993, -0.0233762711, -0.00280888984,
       0.036853686, -0.0106055718, -0.00265815062, -0.00336654088,
       -0.000653056893, 0.0171590745, 0.0295031387, -0.0156538337,
       0.0198840853, 0.0264648274, 0.0147475479, 0.0317663774,
       -0.0338103995, 0.062179029, -0.00386914494, -0.0127257854,
       0.00916778203, 0.0317471996, -0.0380822308, 0.030133117,
       -0.026291145, 0.0408307835, -0.0409822762, -0.011597625,
       0.0103811333, 0.00919656176, -0.00892439205, -0.0123358648,
       -0.0252230205, -0.00975169521, 0.0207283124, 0.00171909039,
       -0.0480758063, -0.0314988084, -0.0047827838, 0.0123688113,
       -0.021256309, -0.0083816722, -0.051684659, 0.000569359283,
       0.0109775448, -0.00938139763, -0.0494892597, 0.0241290741,
       -0.00503991079, -0.0244615097, -0.0588444471, -0.0442095175,
       0.00417827582, -0.0390029512, -0.00436382089, -0.00191866397,
       -0.0182436276, -0.00727227284, 0.0129787996, -0.00673189433,
       -0.0176569894, -0.0180926938, -0.00631242758, -0.0129624,
       -0.0362891108, -0.0171476379, 0.0366062038, 0.000735618931,
       -0.0213352852, -0.0377127193, -0.0254376549, 0.00184910872,
       -0.0148428148, -0.0455283262, -0.0482101068, -0.0522674136,
       -0.0178228263, -0.0225195959, -0.0327221379, -0.0341371261 ]
