%YAML:1.0
---
data: !!opencv-matrix
   rows: 128
   cols: 1
   dt: f
   data: [ 0.00959514454, 0.0434811674, 0.0352948271, -0.0460366048,
       -0.0522674173, -0.0660625026, -0.0772759616, 0.0444932133,
       -0.030516956, -0.0476017594, 0.0842780322, 0.0340782069,
       -0.0128893238, -0.0359980315, -0.012516967, -0.0219736807,
       0.0267135333, -0.0295184031, 0.0110645127, -0.0719260946,
       0.0824477524, 0.141145915, 0.140026137, 0.16331993,
       -0.00534813851, 0.0111959744, -0.0839013606, -0.0219229609,
       0.133444637, -0.0627515465, 0.121722117, -0.0902628973,
       0.0597253963, 0.00733336387, -0.0575911403, -0.0787852705,
       0.109078035, 0.0373433009, 0.104713298, -0.0367520638,
       0.0326634683, -0.0275446363, 0.00821795315, 0.0324697308,
       0.0337457322, -0.0244637225, 0.0190541912, 0.0365164727,
       0.160477608, -0.102475703, 0.0585914738, 0.0284614731,
       0.00713958731, -0.00890472624, 0.113260694, 0.025022829,
       0.14652732, 0.0256561879, 0.0126764243, 0.0416046828,
       -0.0040741479, 0.0194884744, 0.050921496, -0.0683588162,
       0.0288563166, 0.0224933214, 0.0553978793, -0.0759089664,
       -0.117632791, -0.0233647916, 0.0932467207, -0.0376755148,
       0.000321788364, -0.0177467465, 0.0111345686, 0.0186039526,
       -0.0469860546, 0.079504475, 0.0400588177, -0.0381466784,
       -0.075363785, 0.174707606, 0.0280558504, 0.130381167,
       -0.0843225121, -0.0554835163, -0.0139709543, -0.152055889,
       0.0624344088, 0.0454897173, 0.0745286569, 0.0180057548,
       -0.0308012255, 0.04065191, 0.0360858887, -0.0589345321,
       0.0611489229, 0.02805176, -0.0748812631, -0.0188854896,
       -0.0583458915, 0.145341024, 0.0166609231, 0.00911976397,
       0.0302747954, 0.0434438623, 0.0609573536, -0.00129595282,
       -0.0102201924, 0.0590215139, -0.0328327268, -0.0372062922,
       -0.0607397333, 0.0285928156, -0.015215002, -0.0119789438,
       0.0641246065, -0.0640252382, -0.0397354625, 0.031980183,
       0.0127915265, -0.0982742906, -0.0821657255, -0.085284479,
       -0.0692192018, 0.0254649501, 0.0124239111, 0.0362506844 ]
