%YAML:1.0
---
data: !!opencv-matrix
   rows: 10
   cols: 1
   dt: f
   data: [ 0.020256767, -0.0552208088, 0.0144519471, -0.0207685679,
       -0.00540289283, -0.0316463634, -0.0244710892, 0.0072914795,
       0.0760211647, -0.034635555 ]
