%YAML:1.0
---
data: !!opencv-matrix
   rows: 10
   cols: 128
   dt: f
   data: [ -0.0263325684, -0.147839442, -0.112714186, 0.0531543568,
       0.0299369767, 0.0176165011, 0.0155108105, 0.00640732422,
       -0.0414855108, 0.00528578972, 0.0264065862, -0.00109146116,
       -0.175949827, -0.0811332241, 0.0804425254, -0.202340737,
       -0.0947958678, 0.168077171, -0.071495235, 0.0413155593,
       0.158464387, -0.204151794, 0.0838024095, 0.0111961821,
       -0.147807598, -0.0697118863, 0.0398624726, -0.0128523586,
       0.152516171, -0.181250155, -0.100219615, -0.0139791397,
       -0.0430696309, -0.208096668, -0.0289317705, -0.10469681,
       -0.0996206403, 0.112242348, 0.155652687, 0.00918478612,
       -0.0871706903, 0.107446045, 0.0276903212, -0.129904181,
       -0.155927151, -0.0605552942, 0.0927718729, -0.0358251408,
       0.00126625458, 0.0859752744, -0.158934042, 0.0775422677,
       -0.0496981815, -0.0523703694, -0.168283209, -0.0362833627,
       0.0337741897, 0.0488119833, 0.0643076599, -0.0526812896,
       0.0763247088, -0.0750565082, -0.230945051, -0.0552971289,
       -0.0459351391, -0.000577793573, -0.149992585, -0.195625484,
       0.0608386956, -0.0297298022, -0.177823797, 0.0316251181,
       -0.0685134828, 0.0327533968, -0.098339498, 0.0906696394,
       0.0511654429, -0.0581956282, -0.220815495, 0.0770300776,
       0.134316012, 0.0263365544, -0.0920990258, 0.0210794397,
       -0.0601171479, 0.0596826263, 0.016720118, 0.161717638,
       0.0366829894, -0.146883726, 0.0205788258, 0.0146403592,
       0.0237551387, 0.0341942757, -0.14217104, 7.93554573e-05,
       -0.189408153, 0.10734573, 0.084453024, -0.0232636649,
       -0.00965297408, -0.0335768424, -0.0252653956, 0.0777370632,
       0.0812214613, 0.00383561593, -0.0254103858, -0.0270072967,
       0.0767407715, 0.0630970076, 0.00867695827, -0.0776946992,
       0.119064465, -0.102314949, 0.0994644687, 0.0978026167,
       -0.00517384522, 0.0330006778, 0.0515990593, -0.26619193,
       -0.188559711, 0.0855328441, 0.0673254058, 0.0250262134,
       -0.0630021393, -0.177247241, 0.0987545922, 0.0366466604,
       -0.0845044404, -0.0937833562, 0.0434208214, 0.0402109735,
       -0.000672126596, -0.0191718303, 0.0102267712, -0.0767449439,
       -0.0183887612, 0.0950623974, -0.109119751, 0.0409694463,
       -0.0612821616, 0.125740379, 0.0940031633, 0.120571591,
       -0.10083352, 0.0728421286, -0.0956208184, 0.0674901754,
       0.0798195451, -0.0927772224, -0.142891899, -0.0936227813,
       0.102102235, 0.0605057552, 0.0625648573, 0.0497666337,
       -0.0869910344, 0.155166373, 0.0879885629, -0.046023678,
       -0.0892173946, 0.0726158097, -0.16895622, 0.0229087509,
       -0.0276084002, -0.101262607, -0.0358513333, -0.0704727396,
       1.83335051e-05, 0.0140782762, -0.324851274, -0.0208265614,
       -0.18775627, 0.0979700759, -0.0966380686, -0.0975187495,
       -0.0950517356, 0.114354677, 0.103517048, 0.0369974151,
       -0.0981643274, 0.0314850546, 0.0229332056, -0.0016163073,
       -0.105047181, 0.0432863124, -0.0624114871, -0.0146939252,
       -0.205804497, -0.183137551, 0.0488503799, 0.0501551628,
       0.0767715201, -0.135081768, 0.0516725518, 0.0691608116,
       0.14675352, 0.0888393745, 0.0319289826, -0.20298034,
       -0.0490138493, -0.240768656, -0.070801571, -0.128598064,
       0.111692302, -0.241412386, 0.0784161836, 0.0998736322,
       -0.032027375, 0.0230880361, 0.0274264552, -0.0531235859,
       -0.136252567, 0.0933729187, -0.155738786, 0.18341516,
       -0.211116999, -0.0312772356, -0.0177854281, 0.019682318,
       -0.0251226779, 0.0483309627, 0.0981070474, -0.144387096,
       -0.0708187819, -0.0251937136, -0.131234467, -0.00320887915,
       -0.0694552958, -0.188600063, -0.0726759806, 0.0738483071,
       -0.0942349657, -0.00913036149, -0.182477161, 0.0406605154,
       0.0461385846, 0.0671146214, -0.182837442, -0.00773004442,
       6.74469338e-05, 0.103763781, -0.0429207049, -0.0523917899,
       0.0439575277, -0.123620093, -0.0593498871, 0.154045343,
       0.10529241, 0.0513616838, -0.0139705362, -0.0828272253,
       0.0804303437, -0.190457463, -0.000689850887, -0.076584287,
       -0.0686046183, 0.0811584666, 0.07573805, -0.217179462,
       -0.0099389879, 0.00645742845, 0.0902593881, -0.0814865977,
       -0.152066574, 0.00919923, 0.0587118603, -0.220753059,
       -0.136405587, 0.0705173537, 0.0252929628, -0.0269282199,
       0.0676401258, 0.110547282, 0.21364978, -0.0324526243,
       -0.0178861003, 0.0287774093, 0.0183389597, 0.120379694,
       -0.125807583, 0.0591488071, 0.0849318802, -0.042714119,
       -0.0555592217, 0.00790659059, -0.0998225138, 0.000109827175,
       -0.0371547118, -0.0486002527, -0.0214242525, -0.0282220077,
       -0.122674897, 0.0708261207, 0.0277340077, 0.0838147253,
       -0.0255881026, 0.0832750574, -0.0150509756, 0.0975388288,
       -0.0525829308, 0.029272195, -0.0108633945, 0.0322702602,
       0.124148503, -0.0763838738, 0.0585596599, -0.127307266,
       0.0519482344, 0.0931335241, -0.255863219, 0.0922883525,
       0.0415133573, -0.213308856, -0.161122665, 0.0692235604,
       0.0162937641, 0.0475816317, 0.0412628278, 0.108661406,
       -0.128268838, -0.121689431, -0.173201606, 0.0396620072,
       0.10814371, -0.174901009, 0.0188018437, -0.115230694,
       -0.00767687755, -0.0559254773, 0.111859679, 0.0747286752,
       0.0373439677, -0.0488423333, -0.105080977, -0.10058827,
       -0.113548309, -0.0784812868, -0.16740416, 0.0582904667,
       0.0406529419, 0.0855853483, 0.0648438334, 0.0708948374,
       -0.0879193246, 0.0701863393, -0.103878386, -0.0299781878,
       0.0889832899, 0.0474624485, -0.165750965, -0.0903342292,
       -0.080944784, -0.141767263, 0.0658565164, -0.00946826674,
       -0.146755829, -0.0588464886, -0.0374395996, -0.00654337974,
       0.106311053, 0.00628487021, -0.167042881, 0.0385057628,
       0.00207396084, 0.10772042, -0.0912708044, -0.174101293,
       0.08253932, -0.184561417, -0.0624365956, 0.0524837337,
       0.0165984351, 0.0982242152, 0.0603962503, -0.100580744,
       0.0898123309, 0.0322504714, 0.100439936, 0.0050384379,
       0.142972544, -0.0314906314, 0.0536287203, 0.00795573648,
       0.0205462016, 0.0847273245, -0.036716409, 0.0422755405,
       0.0512674786, 0.0025397893, -0.0295494199, -0.0622654632,
       0.219432846, -0.0430316068, -0.141644865, -0.210113615,
       -0.0553674214, -0.165410921, -0.0720178559, -0.136333704,
       0.173047006, -0.160823882, 0.0463651009, -0.0473642088,
       -0.158662707, 0.0590540618, 0.0292261895, -0.0405245386,
       0.0774983615, -0.139857754, 0.0680044219, -0.0825947002,
       0.0940736681, 0.0735458657, -0.0851993337, -0.0574055538,
       0.0118347937, 0.0863185227, -0.0971918255, 0.0733951703,
       -0.0256120805, -0.0842267573, -0.100505412, -0.0066486802,
       0.104411229, 0.0304661989, 0.0811230987, 0.0832762867,
       -0.0730918869, -0.0733947903, 0.110801578, -0.0972468108,
       0.0903848335, -0.0248625372, -0.0145205632, 0.00436468609,
       0.0637376383, -0.0324867517, 0.0302891769, 0.0951299965,
       0.00301751634, 0.0527077168, 0.180301085, 0.0707285777,
       0.0795755386, 0.0768322498, 0.0637727082, -0.0749173909,
       0.0998678282, 0.0937001407, -0.136742756, 0.0791031718,
       0.0191147663, -0.0777733326, 0.0914413556, -0.0164574161,
       -0.00303426851, 0.0218337402, 0.117558718, -0.0316183753,
       0.0873034894, -0.083981052, -0.123221867, -0.0779206827,
       -0.194064662, -0.196426973, -0.0849353746, -0.0562511832,
       0.0324853919, 0.058146283, 0.0666176751, 0.000437640905,
       -0.00525965076, 0.0935504064, 0.0681383014, 0.0420439616,
       -0.033259403, -0.0800097585, -0.172648832, -0.0580085479,
       -0.133082911, 0.0660899356, 0.031569656, 0.0610578358,
       0.0811265483, -0.120914042, 0.0542669967, 0.0728475079,
       0.0386828966, 0.0952658281, 0.0390628427, 0.00323584001,
